1 6 1.25
1 5 2
1 6 2
1 3 1.5
1 5 2
1 2 2
1 3 2.5
1 0 1.5
R 1 6 1
1 3 0.75
1 2 3
1 1 3
0 6 1.8
1 0 1.2
1 7 0
1 5 0
1 2 0
0 7 0
1 3 2.5
1 0 1
1 2 0
1 7 0
2 1 0
2 2 1.5
1 7 2
2 1 3
1 7 3
1 6 2.5
1 0 1.5 // START
1 1 2
1 1 2
1 1 2
0 7 2
1 1 1 
0 7 2
1 1 1 //ky 
1 1 2
1 1 2
0 7 2
1 1 1
1 2 2
0 7 1 //ky
0 7 2
0 7 2
0 6 2
0 7 1 
0 6 2
0 7 1 //ky
R 43 47 1
0 5 2 //
0 6 0
1 0 0 // 
1 0 0
0 6 2
0 5 1
0 3 2 // 
0 5 3
0 2 3
0 3 1.25
1 0 1 //
1 0 0
1 0 0 //
R 30 48 1 //ky,too
0 7 2
0 7 2
0 6 2
0 7 2
1 1 2
0 7 2
0 5 2 //
0 6 0
1 0 0 //
1 0 0
0 6 1
1 3 2
1 2 1 //ky
1 3 1.75 //
1 0 0
1 0 0 //
0 6 2
1 3 2
1 3 2
1 2 2
1 3 2
1 5 2
1 3 2
1 2 2 //
1 3 1
0 6 0
1 0 1 //
0 7 2
0 7 2
0 7 2
1 1 2
0 7 2
0 3 1
0 5 2 //
0 6 2
0 5 1.25
1 0 1 //
0 6 2
1 3 2
1 3 2
1 2 2
1 3 2
1 2 2
1 3 2
1 5 1 //ky
1 3 0.75
1 0 2
1 2 2
1 3 2
1 5 2 //
1 5 2
1 6 0.75
1 6 0.75
1 5 1 //ky
1 6 1.25
1 0 1 //
R 80 107 1
1 5 2 //
2 1 2
1 7 2
1 6 2
1 5 2
1 3 1
1 5 1 //
1 6 1
1 3 1
1 5 2
1 3 2
1 5 2
1 6 1.25 //ky
1 0 0 //
1 6 0.75
1 5 2
1 3 2
1 5 1.25 //ky
1 0 1
2 1 2
1 7 2
1 6 2
1 5 2 //
1 6 1.5
1 0 1 //END
2 3 2
2 2 2
2 3 2
2 2 2
1 7 0 //
R 146 149 1
1 6 0 //
2 4 0
2 5 0 //
0 7 2
0 7 2
0 7 1
0 7 1
0 7 0.167
0 7 0.167
0 7 0.167 //
0 7 2
0 7 2
0 7 1
0 7 0.167
1 1 0.167
1 2 0.167
1 3 0.167
1 2 0.167
1 1 0.167 //
2 7 2
2 6 2
2 3 1
2 5 2
2 4 0.75 //
2 4 2
2 3 2
2 2 2
2 1 2
1 7 0 //
1 5 1.5
1 0 1 //START
R 30 50 1 //
0 6 1
0 6 2
0 5 2
0 6 1
1 0 1 //
R 53 71 1
1 1 2
0 7 2
0 5 2
0 6 0.75 //ky
1 0 1
R 74 132 1
1 6 1.5 //ky,END
2 1 1
1 7 2 //
1 7 2
1 6 1
1 5 2
1 5 2
1 4 1
1 3 2 //
1 3 1
1 5 1
1 7 0 //
2 1 1.99 //START
R 80 132 1
1 6 2.25 //
1 0 0
1 0 0 //
1 3 0.75
1 2 2
0 7 1.5 //1
1 2 3
1 3 3
1 2 3
1 1 3 //
0 7 1
1 1 2.99 //END
1 0 1
E