1 3 2 
R 1 1 3
1 2 2
1 1 2
1 2 2
1 3 2
0 7 2
0 7 0.75
R 4 4 4
0 7 2
0 5 2
0 6 2
0 5 1
1 0 0.75
R 1 9 1
1 2 2
1 3 2
1 2 0.75
1 0 0.75
1 3 1
1 3 2
1 3 2
1 2 2
1 1 2
1 2 2
1 3 2
0 6 2
0 6 0.75
R 5 5 4
1 5 2
1 6 2
1 3 0.75
1 0 0.75
1 3 2
2 1 2
1 7 2
1 6 0.75
R 34 35 1
1 6 2
1 7 0.75
1 3 2
2 1 2
1 6 2
1 7 2
2 1 2
1 7 2
1 6 0.75
1 0 0.75
R 1 19 1
R 1 1 3
1 6 1
1 3 2
R 50 51 1 
1 1 2
R 29 40 1
2 3 2
2 2 2
2 1 2
R 57 58 1
1 7 2
1 6 0.75
1 0 0.75
2 1 2
R 63 63 3
2 3 2
2 1 2
1 7 2
R 67 67 3
2 3 2
1 7 2
R 43 43 4
1 5 2
1 4 2
1 5 0.75
1 0 0.75
R 73 73 4
1 3 2
1 2 2
R 1 1 4
1 2 2
1 1 2
R 80 80 4
1 4 2
1 6 2
1 7 0.75
1 0 0.75
R 63 72 1
1 3 2
1 5 1
2 1 2
2 1 0.75
R 76 79 1
1 6 2
2 1 2
2 2 2
2 3 2
2 2 2
2 2 2
2 1 2
1 7 2
1 6 0.75
1 0 0.75
R 95 102 1
R 49 102 1
R 90 90 4
2 3 1
R 67 67 4
2 3 1
R 84 84 4
1 5 2
1 4 2
1 5 0.75
1 0 0.75
R 76 85 1
1 0 1
1 3 2
R 105 109 1
1 7 2
2 1 2
1 5 0.75
1 5 2
2 1 2
1 3 2
R 76 79 1
1 6 2
2 3 2
2 2 1
2 2 2
2 2 2
2 1 2
1 7 2
1 6 0.75
1 0 1
1 3 2
2 3 2
2 2 2
R 136 136 2
2 1 2
1 7 2
1 6 0.75
1 0 0.75 
E